2.000000000000000111e-01
5.369112011120633632e-01
5.085591481665289182e-01
4.974831350854428402e-01
4.982510592775637459e-01
4.987045520231904172e-01
4.988623647199262878e-01
4.989654801679500040e-01
4.990832579302381666e-01
4.997416845718368195e-01
4.998298761668518719e-01
4.998451886398348476e-01
4.998996295469280149e-01
4.999031255057080347e-01
4.999105736448666848e-01
4.999158489483420675e-01
4.999481668538531820e-01
4.999492852423377265e-01
4.999525126890837501e-01
4.999532210793294906e-01
4.999557272056985857e-01
4.999574798383123464e-01
4.999588151898798905e-01
4.999596587051952090e-01
4.999620282012439687e-01
4.999624462866256169e-01
4.999637606152041447e-01
4.999650468702782069e-01
4.999680554711890546e-01
4.999688166013087076e-01
4.999692867667477336e-01
4.999697492483816674e-01
4.999713756323974634e-01
4.999728323810813668e-01
4.999746499142728728e-01
4.999758766074544614e-01
4.999763636115760468e-01
4.999766214258231645e-01
4.999767758611402546e-01
4.999772043575181901e-01
4.999776438479247020e-01
4.999793362369759908e-01
4.999797406557074386e-01
4.999826074776947959e-01
4.999829275558360653e-01
4.999831638856018223e-01
4.999836509576844890e-01
4.999840583639728608e-01
4.999845978203514285e-01
4.999847228549902378e-01
4.999848697804779030e-01
4.999854826325537127e-01
4.999856851226013310e-01
4.999858498501733028e-01
4.999861505299224573e-01
4.999862734630223238e-01
4.999866279742167241e-01
4.999867448076905085e-01
4.999868086023209202e-01
4.999869808955364481e-01
4.999871476062085485e-01
4.999882965378609212e-01
4.999886285470875880e-01
4.999888484506495034e-01
4.999890371235144459e-01
4.999894614891028932e-01
4.999898258672291762e-01
4.999901509953166845e-01
4.999905430503119863e-01
4.999908125435840178e-01
4.999911179192227939e-01
4.999912518476885004e-01
4.999914896465796899e-01
4.999916149976025292e-01
4.999916401843995106e-01
4.999917557045325811e-01
4.999917893964134219e-01
4.999919154056297610e-01
4.999919885445344159e-01
4.999922331984076318e-01
4.999923026172269913e-01
4.999924114867782543e-01
4.999924368872981639e-01
4.999925372456973660e-01
4.999927207708455557e-01
4.999931970117862390e-01
4.999932600819116946e-01
4.999934205961998890e-01
4.999937906160066281e-01
4.999939089855963692e-01
4.999940946926586527e-01
4.999943036082519221e-01
4.999943398599232536e-01
4.999945185903514888e-01
4.999945848706341400e-01
4.999947733339522582e-01
4.999948890987459538e-01
4.999949494582758835e-01
4.999949811398019528e-01
4.999951466021181901e-01
