5.557273872737352072e+00
6.096843367602893693e+00
5.985852498542523215e+00
6.002182829147322707e+00
5.999657272791555584e+00
5.999049410635755031e+00
5.997306282291722468e+00
5.996075988113240385e+00
6.004114505942111712e+00
6.000033793462307585e+00
5.999445562174714475e+00
6.000183250463622109e+00
5.999389163057571750e+00
5.999918171794702104e+00
5.999811394742502912e+00
6.000644663724206573e+00
5.999748224063717217e+00
6.000034075623582375e+00
5.999776846901665905e+00
5.999887542034496590e+00
6.000008131568044689e+00
5.999827992966617174e+00
5.999858878308848453e+00
5.999938288260302954e+00
5.999832227878074242e+00
5.999929136616978909e+00
5.999958866443476424e+00
6.000217572927904364e+00
5.999891377338420817e+00
5.999890878902775171e+00
5.999816645960254213e+00
6.000027896804679628e+00
5.999981821684001737e+00
6.000032857760269067e+00
5.999933876759438789e+00
5.999955072859302518e+00
5.999890468317414793e+00
5.999871326904517410e+00
5.999901601414494579e+00
5.999952319577536386e+00
5.999986930752363889e+00
5.999952477332115564e+00
6.000132756259631606e+00
5.999946003727081312e+00
5.999907522545822047e+00
5.999991445855605399e+00
5.999995551243467951e+00
5.999997750646128836e+00
5.999951442449526162e+00
5.999934539780310772e+00
6.000020527854030838e+00
5.999982564683761233e+00
5.999937913626312458e+00
6.000048620797046262e+00
5.999946924452792985e+00
6.000062808890515242e+00
5.999942531079256014e+00
5.999951821530047802e+00
5.999986894099579082e+00
5.999959843066416276e+00
6.000096903394196879e+00
5.999993215772799537e+00
5.999991531466896788e+00
5.999991466605647972e+00
6.000014378897990497e+00
5.999978530397294563e+00
6.000005671177238931e+00
5.999988825948397775e+00
5.999997006221668983e+00
5.999982596159401105e+00
5.999961157760183461e+00
5.999995710760631873e+00
5.999971336700220093e+00
5.999961932360234229e+00
5.999995493489080012e+00
5.999963549348009906e+00
5.999976437641715066e+00
5.999978224936207027e+00
6.000027103214803148e+00
5.999980069323490817e+00
5.999988861025497222e+00
5.999958132245065023e+00
5.999981704945587246e+00
6.000002854666241170e+00
6.000039132877277304e+00
5.999985655250095640e+00
6.000000268797403002e+00
6.000002464481461573e+00
5.999998525763121648e+00
5.999999572869867848e+00
6.000034218817298814e+00
5.999977061242470100e+00
6.000006462860534739e+00
5.999980471537869953e+00
6.000016937269943007e+00
6.000021856456037028e+00
5.999990629639208706e+00
5.999978207953827081e+00
5.999997484259509406e+00
5.999991364476261246e+00
